      f V1 V2 V3 V4 V5 V6 V7 V8 V9 V10 V11 V12 V13 V14 V15 V16 V17 V18 V19 V20
1     1  1  2  2  2 0 0 0 0 0  0  0  0  0  0  0  0  0  0  0  0
2     2  1  2  2  2  2  2 0 0 0  0  0  0  0  0  0  0  0  0  0  0
3     3  1  2  2  2  2  2  2 0 0  0  0  0  0  0  0  0  0  0  0  0
4     4  1  2  2  2  2  2  2 0 0  0  0  0  0  0  0  0  0  0  0  0
5     5  1  2  2  2  2 0 0 0 0  0  0  0  0  0  0  0  0  0  0  0
6     6  1  2  2  2  2  2  2  2  2   2  0  0  0  0  0  0  0  0  0  0
7     7  1  1  1  2  2  2  2 0 0  0  0  0  0  0  0  0  0  0  0  0
8     8  1  2 0 0 0 0 0 0 0  0  0  0  0  0  0  0  0  0  0  0
9     9  1  2  2  2  2  2 0 0 0  0  0  0  0  0  0  0  0  0  0  0
10   10  1  2  2 0 0 0 0 0 0  0  0  0  0  0  0  0  0  0  0  0
11   11  1  2  2  2  2  2  2  2  2   3   3   3  0  0  0  0  0  0  0  0
12   12  1  2  2 0 0 0 0 0 0  0  0  0  0  0  0  0  0  0  0  0
13   13  1  1 0 0 0 0 0 0 0  0  0  0  0  0  0  0  0  0  0  0
14   14  1  1  1 0 0 0 0 0 0  0  0  0  0  0  0  0  0  0  0  0
15   15  1  1  1 0 0 0 0 0 0  0  0  0  0  0  0  0  0  0  0  0
16   16  1  1  1 0 0 0 0 0 0  0  0  0  0  0  0  0  0  0  0  0
17   17  1  2  2  2 0 0 0 0 0  0  0  0  0  0  0  0  0  0  0  0
18   18  1  1  1 0 0 0 0 0 0  0  0  0  0  0  0  0  0  0  0  0
19   19  1  2  2  2  2  2  2  2  3   3   3   3   3   3   3   3   3   3  0  0
20   20  1  1  1 0 0 0 0 0 0  0  0  0  0  0  0  0  0  0  0  0
21   21  1  1  1  1  2  2  2  2  2   2   2   2   2   2   3   3   3   3   3   4
22   22  1  1  2  2  2  2  2  2  2   2   3   3   3   3   3   3   3   3   4  0
23   23  1  1  2  2  2  2  2  2  2   3   3   3   3   3   3   3   3   3   4  0
24   24  1  1  1  1  2  2  2  2  2   2   2   2  0  0  0  0  0  0  0  0
25   25  1  1  1  2  2  2 0 0 0  0  0  0  0  0  0  0  0  0  0  0
26   26  1  1  2  2  2  2 0 0 0  0  0  0  0  0  0  0  0  0  0  0
27   27  1  1  1  1  2  2 0 0 0  0  0  0  0  0  0  0  0  0  0  0
28   28  1  1  1  1  2  2 0 0 0  0  0  0  0  0  0  0  0  0  0  0
29   29  1  1  2  2  2  2  2  2  2   2   3   3   3   3   3   3   3   3   3   4
30   30  1  1  2  2  2  2  2  2  2   2   2   3   3   3   3   3   3   3   3   4
31   31  1  2  2  2  2  2 0 0 0  0  0  0  0  0  0  0  0  0  0  0
32   34  1  1  2  2  2  2  2  2  2   2   3   3   3   3   3   3   3   3   3   4
33   35  1  1  2  2  2  2  2  2  2   2   3   3   3   3   3   3   3   3   3   4
34   36  1  2  2  2  2  2  2  2  2   2   2   2   3   3   3   3   3   3   4  0
35   37  1  1  1  2  2  2  2  2  2   2   2   2   2   2   3  0  0  0  0  0
36   38  1  2  2  2  2  2  2 0 0  0  0  0  0  0  0  0  0  0  0  0
37   39  1  1  1  2  2  2  2  2  2   2   2   2  0  0  0  0  0  0  0  0
38   40  1  2  2  2  2  2  2  2  2   2   3   3   3   3   3  0  0  0  0  0
39   43  1  2  2  2  2  2  2  2  2   2   2   2   3   3   3   3   3   3   4  0
40   44  1  2  2  2  2  2  2  2  2   2   2   2   3   3   3   3   3   3  0  0
41   45  1  2  2  2  2  2  2  2  2   2   2   2   3   3   3   3  0  0  0  0
42   46  1  2  2  2  2  2  2  2  2   2   2   3   3   3   3   3   3   4  0  0
43   49  1  2  2  2  2  2  2  2  2   2   3  0  0  0  0  0  0  0  0  0
44   50  1  1  1  1  1  2  2  2  2   2   2   2   3   3   3   3   3  0  0  0
45   51  1  1  1  1  2  2  2  2  2   2   2   3   3   3   3   3  0  0  0  0
46   52  1  1  1  1  2  2  2 0 0  0  0  0  0  0  0  0  0  0  0  0
47   53  1  1  1 0 0 0 0 0 0  0  0  0  0  0  0  0  0  0  0  0
48   54  1  1  1 0 0 0 0 0 0  0  0  0  0  0  0  0  0  0  0  0
49   55  1  1  1  2  2  2  2  2  2   2   2   2   2   3  0  0  0  0  0  0
50   56  1  2  2  2  2  2  2  2  3   3   3  0  0  0  0  0  0  0  0  0
51   57  1  1  1  1  2 0 0 0 0  0  0  0  0  0  0  0  0  0  0  0
52   58  1  1  1  1  2 0 0 0 0  0  0  0  0  0  0  0  0  0  0  0
53   59  1  1  1 0 0 0 0 0 0  0  0  0  0  0  0  0  0  0  0  0
54   60  1  1  1 0 0 0 0 0 0  0  0  0  0  0  0  0  0  0  0  0
55   61  1  1  1 0 0 0 0 0 0  0  0  0  0  0  0  0  0  0  0  0
56   65  1  1 0 0 0 0 0 0 0  0  0  0  0  0  0  0  0  0  0  0
57   66  1  1  1  1  2 0 0 0 0  0  0  0  0  0  0  0  0  0  0  0
58   67  1  2  2  2 0 0 0 0 0  0  0  0  0  0  0  0  0  0  0  0
59   68  1  2  2  2 0 0 0 0 0  0  0  0  0  0  0  0  0  0  0  0
60   69  1  1  1 0 0 0 0 0 0  0  0  0  0  0  0  0  0  0  0  0
61   70  1  1  1 0 0 0 0 0 0  0  0  0  0  0  0  0  0  0  0  0
62   71  1  2  2 0 0 0 0 0 0  0  0  0  0  0  0  0  0  0  0  0
63   73  1  1  1  1  2  2  2  2  2   2   2   2  0  0  0  0  0  0  0  0
64   74  1  1  1  1  2 0 0 0 0  0  0  0  0  0  0  0  0  0  0  0
65   75  1  1  1  2  2 0 0 0 0  0  0  0  0  0  0  0  0  0  0  0
66   76  1  1  1  1  2  2  2  2  2   2   2  0  0  0  0  0  0  0  0  0
67   77  1  1  1  2  2  2  2  2  2  0  0  0  0  0  0  0  0  0  0  0
68   78  1  2  2  2  2  2  2  2  2   2   3   3   3   3   3   3   3   4  0  0
69   79  1  1  1  2  2  2  2  2  2   2   2   3   3   3   3   3   3   3   3   4
70   80  1  1  1  2  2  2  2  2  2   2   2   3   3   3   3   3   3   3   3   4
71   81  1  1  1 0 0 0 0 0 0  0  0  0  0  0  0  0  0  0  0  0
72   82  1  1  1  2  2  2  2  2  2   2   2  0  0  0  0  0  0  0  0  0
73   83  1  1  1  2  2  2  2  2  2   2   2  0  0  0  0  0  0  0  0  0
74   84  1  1  1  2  2  2  2  2  2   2   2   2  0  0  0  0  0  0  0  0
75   85  1  1  1  1  2  2  2  2  2   2   2   2  0  0  0  0  0  0  0  0
76   86  1  1  1  1  2  2  2  2  2   2   2  0  0  0  0  0  0  0  0  0
77   87  1  1  1  2  2  2  2  2  2   2   2   2   3   3   3   3  0  0  0  0
78   88  1  1  1  1  1 0 0 0 0  0  0  0  0  0  0  0  0  0  0  0
79   90  1  1  1 0 0 0 0 0 0  0  0  0  0  0  0  0  0  0  0  0
80   91  1  2  2  2  2  2  2  2  2   2   2   3   3   3   3   3   3   4  0  0
81   92  1  1  1  1  2  2  2  2  2   2   2   2   2   2   3   4  0  0  0  0
82   93  1  1  1  2  2  2  2  2  2   2   2   3   3   3   3   3   3   3   3   3
83   94  1  1 0 0 0 0 0 0 0  0  0  0  0  0  0  0  0  0  0  0
84   95  1  1  2  2  2  2 0 0 0  0  0  0  0  0  0  0  0  0  0  0
85   96  1  2  2  2  2  2  2  2  2   2   2   3   3   3   3   3   3   3   4  0
86   97  1  1  1  1  2  2  2 0 0  0  0  0  0  0  0  0  0  0  0  0
87   98  1  1  1  1 0 0 0 0 0  0  0  0  0  0  0  0  0  0  0  0
88   99  1  1  1  2  2  2  2 0 0  0  0  0  0  0  0  0  0  0  0  0
89  100  1  1  1  1  1 0 0 0 0  0  0  0  0  0  0  0  0  0  0  0
90  101  1  1  2  2  2  2  2 0 0  0  0  0  0  0  0  0  0  0  0  0
91  102  1  2  2  2  2  2  2 0 0  0  0  0  0  0  0  0  0  0  0  0
92  103  1  2  2  2  2  2  2 0 0  0  0  0  0  0  0  0  0  0  0  0
93  104  1  2  2  2  2  2  2 0 0  0  0  0  0  0  0  0  0  0  0  0
94  105  1  2  2  2 0 0 0 0 0  0  0  0  0  0  0  0  0  0  0  0
95  106  1  1  1  2  2  2  2  2  2   2   2   2   2   3   3   3   3   3   3   3
96  107  1  1  2  2  2  2  2  2  2   2   2  0  0  0  0  0  0  0  0  0
97  108  1  1  2  2  2  2  2  2  2   2   2   2   2   3   3   3   3  0  0  0
98  109  1  1  1  1  2  2  2  2  2  0  0  0  0  0  0  0  0  0  0  0
99  110  1  1  1  1  2  2  2  2  2  0  0  0  0  0  0  0  0  0  0  0
100 111  1  1  1 0 0 0 0 0 0  0  0  0  0  0  0  0  0  0  0  0
101 112  1  1  1  1  2  2  2  2 0  0  0  0  0  0  0  0  0  0  0  0
102 113  1  1  1 0 0 0 0 0 0  0  0  0  0  0  0  0  0  0  0  0
103 114  1  1  1  1  2  2  2  2  2   2  0  0  0  0  0  0  0  0  0  0
104 115  1  1  1 0 0 0 0 0 0  0  0  0  0  0  0  0  0  0  0  0
105 116  1  1  1  1  1 0 0 0 0  0  0  0  0  0  0  0  0  0  0  0
106 117  1  2  2  2  2  2  2  2  2   2   3   3   3   3   3   3   3   4  0  0
107 118  1  1  1  2  2  2  2  2  2   2   2   3   3   3   3   3   3   3   3   4
108 119  1  1  1  2  2  2  2  2  2   2   2   2   2   3   3   3   3   3   3   3
109 120  1  1  1  2  2  2  2  2  2   2   2   2   2   3   3   3   3   3   3   3
110 121  1  1  1  2  2  2  2  2  2  0  0  0  0  0  0  0  0  0  0  0
111 122  1  1  1  1  2  2  2  2  2  0  0  0  0  0  0  0  0  0  0  0
112 123  1  1  1  1  2  2  2  2 0  0  0  0  0  0  0  0  0  0  0  0
113 124  1  1  1  1  2  2  2  2  2  0  0  0  0  0  0  0  0  0  0  0
114 127  1  1  1  2  2  2  2  2  2   2  0  0  0  0  0  0  0  0  0  0
115 129  1  1  2  2  2 0 0 0 0  0  0  0  0  0  0  0  0  0  0  0
116 130  1  1  1  2  2  2  2  2  2   2  0  0  0  0  0  0  0  0  0  0
117 132  1  2  2  2  2 0 0 0 0  0  0  0  0  0  0  0  0  0  0  0
118 134  1  1  1  2 0 0 0 0 0  0  0  0  0  0  0  0  0  0  0  0
119 135  1  2  2 0 0 0 0 0 0  0  0  0  0  0  0  0  0  0  0  0
120 136  1  2  2 0 0 0 0 0 0  0  0  0  0  0  0  0  0  0  0  0
121 137  1  2  2  2 0 0 0 0 0  0  0  0  0  0  0  0  0  0  0  0
122 139  1  2  2  2  2 0 0 0 0  0  0  0  0  0  0  0  0  0  0  0
123 141  1  1  2  2  2  2  2  2 0  0  0  0  0  0  0  0  0  0  0  0
124 142  1  1  2  2  2  2  2 0 0  0  0  0  0  0  0  0  0  0  0  0
125 143  1  1  1  2  2  2  2  2  2  0  0  0  0  0  0  0  0  0  0  0
126 144  1  1  2  2  2  2  2  2  2   2   2  0  0  0  0  0  0  0  0  0
127 145  1  2  2  2  2  2  2  2  2   2   3  0  0  0  0  0  0  0  0  0
128 146  1  2  2  2  2  2  2  2  2   2   3  0  0  0  0  0  0  0  0  0
129 147  1  1  1  1  2  2  2  2  2   2   2  0  0  0  0  0  0  0  0  0
130 148  1  1  1  1  2  2  2  2 0  0  0  0  0  0  0  0  0  0  0  0
131 149  1  1  2  2  2  2  2  2  2   2   2  0  0  0  0  0  0  0  0  0
132 150  1  2  2  2  2  2  2  2  3   3   3  0  0  0  0  0  0  0  0  0
133 151  1  2  2  2  2  2  2  2  3   3   3  0  0  0  0  0  0  0  0  0
134 152  1  2  2  2  2  2  2  2  2  0  0  0  0  0  0  0  0  0  0  0
135 153  1  2  2 0 0 0 0 0 0  0  0  0  0  0  0  0  0  0  0  0
136 154  1  1  1  1  2  2  2 0 0  0  0  0  0  0  0  0  0  0  0  0
137 155  1  1  2 0 0 0 0 0 0  0  0  0  0  0  0  0  0  0  0  0
138 156  1  1  1 0 0 0 0 0 0  0  0  0  0  0  0  0  0  0  0  0
139 157  1  1  1  1  2  2  2 0 0  0  0  0  0  0  0  0  0  0  0  0
140 159  1  1  1  1  2  2 0 0 0  0  0  0  0  0  0  0  0  0  0  0
141 160  1  1  1  1  2  2  2 0 0  0  0  0  0  0  0  0  0  0  0  0
142 161  1  1  1  2  2  2  2  2  2  0  0  0  0  0  0  0  0  0  0  0
143 162  1  2  2  2  2  2  2  2  3   3  0  0  0  0  0  0  0  0  0  0
144 163  1  1  1  2  2  2  2  2  2  0  0  0  0  0  0  0  0  0  0  0
145 164  1  1  1  2  2  2  2  2  2   2   2   3   3   3   3   3   3   3   3   4
146 167  1  2  2  2  2  2  2  2  3   3   3   3   3   3   3   3   3   4  0  0
147 168  1  1  1  2  2  2  2  2  2   3   3  0  0  0  0  0  0  0  0  0
148 169  1  1  1  1  1  2 0 0 0  0  0  0  0  0  0  0  0  0  0  0
149 170  1  1  2  2  2  2 0 0 0  0  0  0  0  0  0  0  0  0  0  0
150 171  1  1  1  1  2  2  2  2  2   2   2   2   2   3   3   3   3   3  0  0
151 172  1  1  1  1  1  2  2 0 0  0  0  0  0  0  0  0  0  0  0  0
152 173  1  1  2  2  2  2  2  2  2   2   2   2   3   3   3   3   3   3   3   4
153 174  1  1  1  1  2  2  2  2  2   2   2   2   3   3   3   3   3   3   3   3
154 175  1  2  2  2  2  2  2  2  2   2   2   3   3   3   3   3   3   3   3   4
155 176  1  1  2  2  2  2  2  2  2   2   2   3   3   3   3   3   3   3   3   3
156 177  1  1  1  1  2 0 0 0 0  0  0  0  0  0  0  0  0  0  0  0
157 178  1  1  1  1  2  2  2  2  2   2   2   2   3   3   3   3   3   3   3   3
158 179  1  2  2  2  2 0 0 0 0  0  0  0  0  0  0  0  0  0  0  0
159 180  1  1  1  1  2  2  2  2  2  0  0  0  0  0  0  0  0  0  0  0
